83
0 0 0.06 0 0 0 0 0 0 0 0 0
0 0 0.11 0 0 0 0 0 0 0 0 0
0 0 0.15 0 0 0 0 0 0 0 0 0
0 0 0.17 0 0 0 0 0 0 0 0 0
0 0 0.21 0 0 0 0 0 0 0 0 0
0 0 0.26 0 0 0 0 0 0 0 0 0
0 0 0.3 0 0 0 0 0 0 0 0 0
0 0 0.35 0 0 0 0 0 0 0 0 0
0 0 0.4 0 0 0 0 0 0 0 0 0
0 0 0.48 0 0 0 0 0 0 0 0 0
0 0 0.48 0 0 0 0 0 0 0 0 0
0 0 0.54 0 0 0 0 0 0 0 0 0
0 0 0.54 0 0 0 0 0 0 0 0 0
0 0 0.58 0 0 0 0 0 0 0 0 0
0 0 0.63 0 0 0 0 0 0 0 0 0
0 0 0.65 0 0 0 0 0 0 0 0 0
0 0 0.7 0 0 0 0 0 0 0 0 0
0 0 0.71 0 0 0 0 0 0 0 0 0
0 0 0.75 0 0 0 0 0 0 0 0 0
0 0 0.77 0 0 0 0 0 0 0 0 0
0 0 0.82 0 0 0 0 0 0 0 0 0
0 0 0.839999 0 0 0 0 0 0 0 0 0
0 0 0.879999 0 0 0 0 0 0 0 0 0
0 0 0.899999 0 0 0 0 0 0 0 0 0
0 0 0.919999 0 0 0 0 0 5 0 0 0
0 0 0.919999 0 0 0 0 0 12 0 0 0
0 0 0.919999 0 0 0 0 0 19 0 0 0
0 0 0.919999 0 0 0 0 0 27 0 0 0
0 0 0.919999 0 0 0 0 0 34 0 0 0
0 0 0.919999 0 0 0 0 0 40 0 0 0
0 0 0.919999 0 0 0 0 0 45 0 0 0
0 0 0.919999 0 0 0 0 0 52 0 0 0
0 0 0.919999 0 0 0 0 0 52 0 0 0
0 0 0.919999 0 0 0 0 0 65 0 0 0
0 0 0.919999 0 0 0 0 0 71 0 0 0
0 0 0.919999 0 0 0 0 0 64 0 0 0
0 0 0.919999 0 0 0 0 0 56 0 0 0
0 0 0.919999 0 0 0 0 0 49 0 0 0
0 0 0.919999 0 0 0 0 0 43 0 0 0
0 0 0.919999 0 0 0 0 0 36 0 0 0
0 0 0.919999 0 0 0 0 0 28 0 0 0
0 0 0.919999 0 0 0 0 0 19 0 0 0
0 0 0.919999 0 0 0 0 0 13 0 0 0
0 0 0.919999 0 -7 0 0 0 13 0 0 0
0 0 0.919999 0 -15 0 0 0 13 0 0 0
0 0 0.919999 0 -15 0 0 0 13 0 -10 6
0 0 0.919999 0 -32 0 0 0 13 0 -17 15
0 0 0.919999 0 -32 0 0 0 13 0 -24 19
0 0 0.919999 0 -37 0 0 0 13 0 -24 19
0 -0.07 0.919999 0 -34 0 0 0 13 0 -37 32
0 -0.07 0.919999 0 -36 0 0 0 13 0 -37 32
0 0.01 0.919999 0 -21 0 0 0 13 0 -26 19
0 0.01 0.919999 0 -11 0 0 0 13 0 -18 11
0 0.01 0.919999 0 -3 0 0 0 13 0 -12 1
0 0.01 0.919999 0 5 0 0 0 13 0 -9 1
0 0.01 0.919999 0 8 0 0 0 13 0 -9 1
0 0.01 0.919999 0 8 8 0 0 13 0 -9 1
0 0.01 0.919999 0 8 13 0 0 13 0 -9 1
0 0.01 0.919999 0 8 20 0 0 13 0 -9 1
0 0.01 0.919999 0 8 26 0 0 13 0 -9 1
0 0.01 0.919999 0 8 26 0 0 13 0 -9 1
0 0.01 0.919999 0 8 32 0 0 13 0 -9 1
0 0.01 0.919999 0 8 32 0 0 13 0 -9 1
0 -0.03 0.919999 0 8 32 0 0 13 0 -9 1
0 -0.1 0.919999 0 8 39 0 0 13 0 -9 1
0 -0.16 0.919999 0 8 54 0 0 13 0 -9 1
0 -0.16 0.919999 0 8 61 0 0 13 0 -9 1
0 -0.16 0.919999 0 8 73 0 0 13 0 -9 1
0 -0.16 0.919999 0 8 77 0 0 13 0 -9 1
0 -0.16 0.919999 0 8 72 0 0 13 0 -9 1
0 -0.16 0.919999 0 8 63 0 0 13 0 -9 1
0 -0.16 0.919999 0 8 63 0 0 13 0 -9 1
0 -0.09 0.919999 0 8 63 0 0 13 0 -9 1
-0.05 -0.09 0.969999 0 8 65 0 0 13 0 -9 1
-0.05 -0.09 0.969999 0 8 58 0 0 13 0 -9 1
-0.05 -0.09 0.969999 0 8 49 0 0 13 0 -9 1
-0.05 -0.09 0.969999 0 8 40 0 0 13 0 -9 1
-0.05 0.05 0.969999 0 8 31 0 0 13 0 -9 1
-0.05 0.05 0.969999 0 8 21 0 0 13 0 -9 1
-0.05 0.05 0.969999 0 8 11 0 0 13 0 -9 1
-0.05 0.05 0.969999 0 8 4 0 0 13 0 -9 1
-0.05 0.05 0.969999 0 8 -6 0 0 13 0 -9 1
-0.05 0 0.969999 0 8 -6 0 0 13 0 -9 1
